-28528	1
-28412	1
-27948	1
-27815	1
-27679	1
-27603	1
-27516	1
-27316	1
-27233	1
-27200	1
-27101	1
-26990	1
-26943	1
-26890	1
-26809	1
-26763	1
-26483	1
-25826	1
-25797	1
-25535	1
-25300	1
-25281	1
-25049	1
-25006	1
-24883	1
-24840	1
-24826	1
-24776	1
-24742	1
-24735	1
-24730	1
-24695	1
-24653	1
-24533	1
-24483	1
-24268	1
-24215	1
-24172	1
-24157	1
-24122	1
-24030	1
-24026	1
-24013	1
-23971	1
-23925	1
-23773	1
-23630	1
-23606	1
-23530	1
-23455	1
-23282	1
-23216	1
-23199	1
-23109	1
-22963	1
-22922	1
-22864	1
-22468	1
-22194	1
-21999	2
-21988	1
-21798	1
-21690	1
-21634	1
-21577	1
-21422	1
-21399	1
-21364	1
-21351	1
-21095	1
-21087	1
-21047	1
-21003	1
-20980	1
-20921	1
-20917	1
-20856	1
-20842	1
-20829	1
-20754	1
-20646	1
-20588	1
-20561	1
-20489	1
-20444	1
-20412	1
-20388	1
-20386	1
-20370	1
-20348	1
-20330	1
-20258	1
-20214	1
-20146	1
-20113	1
-20108	1
-20071	1
-20054	1
-19986	1
-19919	1
-19895	1
-19887	1
-19826	1
-19812	1
-19733	1
-19729	1
-19725	1
-19722	1
-19699	1
-19692	1
-19684	1
-19650	1
-19606	1
-19605	1
-19590	1
-19561	1
-19456	1
-19446	1
-19184	1
-19173	1
-19167	1
-19162	1
-19142	2
-19133	1
-19082	2
-19053	1
-19012	1
-19006	1
-18966	1
-18964	1
-18952	1
-18920	1
-18913	1
-18870	1
-18825	1
-18818	1
-18809	1
-18775	1
-18705	1
-18685	1
-18679	1
-18671	1
-18555	1
-18544	1
-18525	1
-18487	1
-18484	1
-18458	1
-18452	1
-18446	1
-18409	1
-18407	1
-18398	1
-18394	1
-18331	1
-18320	1
-18315	1
-18303	1
-18189	1
-18118	1
-18069	1
-18034	1
-18009	1
-18006	1
-17987	1
-17974	1
-17968	1
-17961	1
-17868	1
-17864	1
-17840	1
-17801	2
-17797	1
-17721	1
-17718	1
-17705	1
-17659	1
-17649	1
-17558	1
-17545	1
-17500	1
-17496	1
-17487	1
-17460	1
-17431	1
-17376	1
-17346	1
-17337	1
-17260	1
-17256	1
-17248	1
-17246	1
-17232	1
-17230	1
-17159	1
-17150	1
-17122	1
-17113	1
-17106	1
-17103	1
-17065	1
-17053	1
-17021	1
-16998	1
-16996	2
-16960	1
-16957	1
-16940	1
-16939	1
-16925	1
-16920	1
-16904	1
-16888	1
-16887	1
-16879	1
-16849	1
-16823	1
-16786	1
-16771	1
-16746	1
-16657	1
-16653	1
-16620	1
-16619	1
-16611	1
-16594	1
-16560	1
-16559	1
-16551	1
-16528	1
-16525	1
-16496	1
-16487	1
-16428	1
-16417	1
-16386	1
-16351	1
-16346	1
-16337	1
-16314	1
-16310	1
-16302	1
-16294	1
-16279	1
-16268	1
-16257	1
-16244	1
-16219	1
-16191	1
-16189	1
-16180	1
-16176	1
-16147	2
-16116	1
-16113	1
-16111	1
-16099	1
-16095	1
-16090	1
-16080	1
-16075	1
-16063	1
-16051	1
-16050	1
-16021	1
-16018	1
-15995	1
-15989	1
-15977	1
-15968	1
-15960	1
-15951	1
-15949	1
-15933	1
-15931	1
-15921	1
-15907	1
-15821	1
-15788	1
-15774	1
-15748	1
-15721	1
-15720	1
-15711	1
-15707	1
-15695	1
-15693	2
-15690	1
-15686	1
-15685	1
-15681	1
-15667	1
-15664	1
-15650	1
-15649	1
-15599	1
-15589	1
-15529	1
-15525	1
-15512	1
-15502	1
-15494	1
-15487	1
-15469	1
-15463	1
-15461	1
-15423	1
-15407	1
-15403	1
-15397	1
-15390	1
-15360	1
-15354	1
-15328	1
-15327	1
-15320	1
-15318	1
-15297	1
-15276	1
-15268	1
-15244	1
-15198	1
-15165	1
-15160	1
-15154	1
-15147	1
-15145	1
-15144	1
-15139	1
-15121	1
-15104	1
-15021	1
-15018	1
-15009	1
-14989	1
-14949	1
-14929	1
-14926	1
-14912	1
-14906	1
-14899	1
-14880	1
-14847	1
-14842	1
-14840	1
-14823	1
-14817	1
-14787	1
-14784	1
-14775	1
-14771	1
-14763	1
-14750	1
-14745	1
-14738	2
-14673	1
-14654	1
-14626	1
-14623	1
-14594	1
-14494	1
-14475	1
-14472	1
-14447	1
-14434	1
-14412	1
-14394	1
-14390	1
-14375	1
-14355	1
-14347	1
-14345	1
-14331	1
-14265	1
-14256	1
-14230	1
-14220	1
-14180	1
-14155	1
-14141	1
-14116	1
-14093	1
-14060	1
-14040	1
-14012	1
-14004	1
-13988	1
-13978	1
-13917	1
-13905	1
-13807	1
-13801	1
-13719	1
-13703	1
-13668	1
-13648	1
-13634	1
-13624	1
-13615	1
-13603	2
-13600	1
-13591	2
-13574	1
-13552	1
-13539	1
-13534	1
-13479	1
-13448	1
-13408	1
-13400	1
-13390	1
-13389	1
-13337	1
-13322	1
-13308	1
-13302	1
-13296	1
-13272	1
-13264	1
-13254	1
-13253	1
-13230	1
-13214	1
-13159	1
-13147	1
-13145	1
-13131	1
-13116	1
-13109	1
-13103	1
-13096	1
-13084	2
-13075	1
-13074	1
-13063	1
-13038	2
-13025	1
-13014	1
-13007	1
-12982	1
-12975	1
-12972	1
-12966	1
-12952	1
-12949	1
-12940	1
-12913	1
-12910	1
-12895	1
-12884	1
-12855	1
-12846	1
-12840	1
-12839	1
-12778	1
-12760	1
-12753	1
-12744	1
-12735	1
-12734	1
-12730	1
-12703	1
-12701	1
-12682	1
-12646	1
-12628	1
-12619	1
-12570	1
-12555	1
-12537	1
-12468	1
-12463	2
-12452	1
-12432	1
-12421	1
-12411	1
-12378	2
-12377	1
-12366	1
-12355	1
-12354	1
-12326	1
-12320	1
-12319	1
-12309	1
-12282	1
-12270	1
-12267	1
-12252	1
-12248	1
-12226	1
-12220	1
-12203	1
-12181	1
-12166	1
-12165	1
-12161	1
-12154	1
-12141	1
-12102	1
-12095	1
-12094	1
-12080	1
-12068	1
-12065	1
-12059	1
-12053	1
-12047	1
-12038	1
-12035	1
-12034	1
-12019	1
-12008	1
-11996	1
-11994	1
-11962	1
-11950	1
-11941	1
-11930	1
-11924	1
-11915	1
-11914	1
-11909	1
-11902	1
-11895	1
-11893	1
-11891	1
-11857	1
-11847	1
-11816	1
-11807	1
-11780	1
-11769	1
-11763	1
-11757	1
-11742	1
-11735	1
-11724	1
-11706	1
-11701	1
-11694	1
-11690	1
-11670	1
-11665	1
-11655	1
-11636	1
-11625	1
-11621	1
-11602	1
-11549	1
-11541	1
-11526	1
-11515	1
-11492	1
-11478	1
-11471	2
-11470	1
-11459	1
-11436	1
-11434	1
-11424	1
-11406	1
-11395	1
-11387	1
-11382	1
-11380	1
-11379	1
-11370	1
-11362	1
-11342	1
-11327	1
-11321	1
-11305	1
-11298	1
-11291	1
-11263	1
-11262	1
-11259	1
-11250	1
-11248	1
-11222	1
-11204	1
-11192	1
-11189	1
-11165	1
-11162	1
-11151	1
-11143	1
-11136	1
-11133	1
-11129	1
-11123	1
-11095	1
-11064	1
-11055	1
-11054	1
-11045	1
-11034	1
-11009	1
-11006	1
-11004	1
-11003	1
-10986	1
-10985	1
-10984	2
-10979	1
-10975	1
-10940	1
-10935	1
-10933	1
-10932	1
-10906	1
-10883	1
-10875	1
-10870	1
-10865	1
-10862	1
-10857	1
-10843	1
-10842	1
-10837	1
-10835	1
-10820	1
-10788	1
-10783	1
-10779	1
-10773	1
-10755	1
-10746	1
-10729	1
-10727	1
-10718	1
-10707	1
-10702	1
-10699	1
-10695	2
-10691	1
-10689	1
-10679	1
-10666	1
-10664	1
-10653	1
-10645	1
-10634	1
-10601	1
-10600	1
-10597	1
-10593	1
-10584	2
-10578	1
-10566	1
-10565	1
-10547	1
-10545	1
-10535	2
-10508	1
-10488	1
-10487	1
-10479	1
-10470	1
-10466	1
-10460	2
-10456	1
-10451	1
-10446	1
-10431	1
-10421	1
-10419	1
-10412	1
-10407	2
-10406	1
-10398	1
-10392	1
-10391	1
-10390	1
-10384	1
-10383	1
-10379	1
-10370	1
-10368	1
-10366	1
-10365	1
-10360	1
-10351	2
-10345	2
-10343	1
-10330	1
-10327	1
-10321	1
-10308	1
-10307	1
-10306	1
-10304	1
-10281	1
-10278	1
-10269	1
-10260	1
-10258	1
-10241	1
-10217	1
-10214	1
-10210	1
-10202	1
-10195	1
-10194	1
-10167	1
-10160	1
-10158	1
-10141	1
-10119	1
-10117	1
-10108	1
-10107	1
-10102	1
-10095	1
-10091	1
-10090	1
-10086	1
-10079	1
-10074	1
-10053	1
-10050	1
-10019	1
-10013	1
-10005	1
-10003	1
-9996	1
-9993	1
-9992	1
-9974	1
-9933	1
-9929	1
-9926	1
-9919	1
-9918	1
-9914	1
-9911	1
-9907	1
-9885	1
-9883	1
-9879	1
-9870	1
-9868	1
-9859	1
-9856	1
-9855	1
-9850	1
-9844	1
-9837	1
-9829	1
-9827	1
-9823	1
-9816	1
-9809	1
-9803	1
-9799	1
-9797	1
-9775	1
-9764	1
-9750	1
-9743	1
-9734	1
-9732	1
-9722	1
-9706	1
-9705	1
-9685	1
-9680	1
-9673	1
-9672	1
-9669	1
-9664	1
-9659	1
-9645	1
-9634	1
-9631	2
-9626	1
-9622	1
-9610	1
-9605	1
-9602	1
-9599	1
-9595	1
-9588	1
-9576	1
-9569	1
-9563	1
-9561	1
-9545	1
-9539	1
-9527	1
-9523	1
-9522	1
-9517	1
-9510	1
-9500	1
-9497	1
-9486	1
-9469	1
-9456	1
-9455	1
-9446	1
-9445	1
-9429	1
-9420	1
-9400	1
-9396	1
-9366	1
-9365	1
-9358	1
-9351	1
-9347	1
-9343	1
-9340	1
-9337	1
-9325	1
-9309	1
-9289	1
-9279	1
-9276	1
-9271	1
-9268	1
-9265	1
-9260	1
-9253	1
-9241	1
-9220	1
-9214	1
-9198	1
-9196	1
-9191	1
-9180	1
-9177	1
-9175	1
-9168	1
-9158	1
-9153	1
-9132	1
-9117	1
-9113	1
-9103	1
-9089	1
-9087	1
-9085	1
-9071	1
-9070	1
-9069	1
-9057	1
-9051	1
-9034	1
-9033	1
-9027	1
-9023	1
-9016	1
-9011	1
-9004	1
-9000	1
-8998	1
-8992	2
-8984	1
-8982	1
-8973	1
-8972	1
-8970	1
-8958	2
-8955	1
-8944	1
-8883	1
-8874	1
-8873	2
-8868	1
-8864	1
-8855	1
-8849	2
-8833	1
-8829	1
-8824	1
-8823	1
-8821	2
-8805	1
-8803	1
-8802	1
-8801	1
-8794	1
-8791	2
-8789	1
-8784	1
-8781	1
-8777	1
-8772	1
-8767	1
-8757	1
-8731	2
-8717	1
-8708	1
-8690	1
-8686	1
-8683	1
-8665	1
-8657	1
-8644	1
-8642	1
-8634	1
-8630	3
-8627	1
-8626	1
-8625	1
-8618	2
-8616	1
-8615	1
-8601	1
-8598	1
-8595	1
-8592	1
-8591	1
-8590	1
-8575	1
-8560	1
-8559	1
-8532	1
-8529	1
-8526	1
-8523	1
-8519	1
-8510	1
-8503	1
-8502	1
-8500	1
-8496	1
-8491	1
-8488	1
-8467	1
-8461	1
-8458	1
-8452	1
-8450	1
-8448	1
-8420	1
-8410	1
-8401	1
-8392	1
-8386	1
-8385	1
-8380	1
-8378	1
-8367	1
-8355	1
-8344	1
-8342	1
-8329	2
-8320	1
-8310	2
-8306	1
-8305	1
-8303	1
-8298	1
-8294	1
-8288	1
-8285	1
-8278	1
-8276	1
-8266	1
-8265	1
-8264	1
-8263	1
-8259	1
-8252	1
-8218	1
-8215	1
-8214	1
-8207	1
-8204	2
-8200	2
-8196	2
-8188	1
-8187	1
-8184	1
-8176	1
-8157	1
-8150	1
-8144	1
-8139	2
-8135	1
-8121	1
-8081	3
-8080	2
-8066	1
-8062	1
-8059	1
-8056	1
-8051	1
-8048	1
-8047	1
-8043	1
-8027	1
-8009	1
-8005	1
-7996	1
-7991	1
-7968	1
-7958	1
-7956	1
-7944	1
-7937	1
-7923	1
-7900	1
-7886	1
-7869	1
-7829	1
-7818	1
-7811	1
-7806	1
-7805	1
-7790	1
-7758	1
-7752	1
-7730	1
-7726	1
-7724	1
-7723	1
-7713	1
-7709	1
-7691	1
-7672	1
-7671	1
-7665	1
-7660	1
-7657	1
-7641	1
-7640	1
-7639	1
-7634	1
-7627	1
-7626	1
-7618	1
-7616	1
-7613	1
-7611	1
-7595	1
-7587	1
-7562	1
-7555	1
-7553	1
-7543	1
-7542	1
-7525	1
-7522	2
-7513	1
-7508	1
-7507	1
-7503	1
-7493	1
-7492	1
-7488	1
-7484	1
-7473	1
-7467	2
-7465	1
-7456	1
-7446	1
-7428	1
-7420	1
-7419	1
-7417	1
-7403	1
-7387	1
-7378	1
-7375	1
-7368	1
-7360	1
-7356	1
-7350	1
-7347	1
-7334	1
-7329	1
-7324	2
-7320	1
-7312	1
-7306	1
-7303	1
-7296	1
-7291	1
-7289	1
-7283	1
-7279	1
-7276	1
-7262	1
-7260	2
-7255	1
-7252	1
-7251	1
-7249	1
-7246	1
-7245	1
-7235	1
-7225	1
-7218	1
-7214	1
-7212	1
-7202	1
-7199	1
-7190	1
-7186	1
-7179	1
-7178	1
-7176	2
-7172	1
-7171	2
-7167	1
-7165	1
-7157	1
-7152	2
-7151	1
-7142	1
-7136	1
-7132	1
-7123	1
-7088	1
-7083	1
-7080	1
-7077	1
-7076	1
-7075	2
-7056	1
-7055	1
-7050	1
-7043	1
-7041	2
-7032	1
-7007	1
-7001	1
-7000	1
-6997	1
-6993	1
-6992	2
-6985	1
-6984	1
-6967	1
-6951	1
-6945	1
-6941	1
-6935	1
-6931	1
-6921	2
-6915	1
-6902	1
-6895	1
-6880	1
-6872	1
-6869	1
-6864	1
-6857	1
-6854	1
-6852	1
-6843	1
-6842	1
-6839	1
-6834	1
-6832	2
-6819	1
-6802	1
-6789	1
-6782	1
-6758	1
-6750	1
-6748	1
-6744	1
-6735	1
-6726	1
-6721	1
-6717	2
-6707	1
-6699	1
-6698	1
-6692	1
-6667	1
-6643	1
-6640	1
-6637	1
-6632	1
-6625	1
-6624	1
-6607	1
-6605	1
-6601	1
-6598	1
-6595	1
-6568	1
-6565	2
-6562	1
-6558	1
-6547	1
-6526	1
-6525	1
-6520	1
-6514	1
-6513	1
-6506	1
-6503	1
-6501	1
-6495	1
-6492	1
-6490	1
-6484	1
-6470	1
-6457	1
-6456	1
-6451	1
-6450	1
-6449	1
-6448	1
-6441	1
-6440	1
-6431	1
-6427	1
-6425	1
-6418	1
-6414	1
-6408	1
-6406	1
-6405	2
-6387	1
-6383	1
-6381	1
-6327	1
-6309	1
-6308	1
-6306	1
-6293	1
-6291	1
-6285	1
-6279	1
-6273	1
-6266	1
-6264	1
-6262	1
-6261	1
-6256	1
-6255	2
-6250	1
-6247	1
-6241	1
-6237	1
-6235	1
-6229	1
-6227	1
-6225	1
-6224	1
-6223	1
-6222	1
-6216	1
-6180	1
-6174	1
-6159	1
-6153	1
-6152	1
-6150	1
-6147	1
-6145	1
-6137	2
-6120	1
-6113	1
-6104	2
-6092	1
-6089	2
-6067	1
-6063	1
-6055	1
-6041	1
-6027	1
-6021	1
-6008	1
-6005	1
-6003	1
-5996	1
-5995	1
-5983	1
-5981	1
-5979	2
-5977	1
-5970	1
-5957	1
-5956	1
-5930	1
-5924	1
-5913	1
-5905	1
-5903	1
-5899	1
-5896	1
-5891	1
-5884	1
-5882	1
-5881	1
-5877	1
-5871	1
-5870	1
-5868	1
-5864	1
-5856	1
-5851	1
-5849	1
-5848	1
-5813	1
-5807	1
-5803	1
-5787	1
-5782	1
-5776	1
-5772	1
-5759	1
-5753	1
-5752	1
-5748	1
-5731	2
-5729	1
-5723	1
-5717	1
-5694	1
-5689	1
-5687	1
-5685	1
-5680	1
-5673	1
-5671	1
-5662	1
-5642	1
-5638	1
-5634	1
-5632	1
-5631	1
-5628	1
-5621	1
-5618	2
-5603	1
-5595	1
-5590	1
-5589	1
-5586	1
-5559	1
-5558	1
-5557	1
-5555	1
-5554	1
-5542	1
-5538	1
-5535	1
-5529	1
-5527	1
-5526	1
-5525	1
-5507	1
-5498	1
-5478	1
-5469	1
-5463	1
-5450	1
-5445	1
-5444	1
-5440	1
-5434	1
-5423	1
-5422	1
-5407	1
-5390	1
-5384	1
-5380	1
-5374	1
-5363	1
-5362	1
-5360	1
-5350	1
-5349	1
-5346	1
-5342	1
-5341	1
-5338	1
-5317	1
-5309	1
-5301	1
-5300	1
-5299	1
-5295	1
-5294	1
-5281	1
-5246	1
-5230	1
-5220	1
-5218	1
-5210	1
-5182	1
-5171	1
-5168	1
-5165	1
-5161	1
-5151	1
-5133	1
-5114	1
-5109	1
-5104	1
-5085	1
-5076	1
-5071	1
-5067	1
-5056	1
-5035	1
-5033	1
-5028	1
-5023	1
-5020	1
-5019	1
-5012	1
-5009	1
-5001	1
-4996	1
-4979	2
-4978	1
-4977	1
-4976	1
-4975	1
-4972	1
-4962	1
-4954	1
-4953	1
-4952	2
-4938	1
-4936	1
-4935	1
-4934	1
-4929	1
-4919	2
-4913	1
-4907	1
-4903	1
-4897	1
-4895	1
-4892	1
-4872	1
-4871	1
-4861	2
-4859	1
-4858	1
-4855	2
-4852	1
-4847	1
-4828	1
-4822	1
-4820	1
-4809	1
-4805	1
-4797	1
-4788	1
-4785	1
-4774	1
-4770	1
-4769	2
-4762	1
-4747	1
-4746	1
-4742	1
-4740	1
-4725	1
-4716	1
-4708	1
-4670	1
-4668	1
-4658	1
-4656	1
-4652	1
-4651	1
-4640	1
-4639	1
-4631	1
-4624	1
-4620	1
-4618	1
-4617	1
-4613	1
-4612	1
-4604	1
-4594	1
-4588	1
-4565	2
-4554	1
-4531	1
-4530	1
-4526	1
-4525	1
-4522	1
-4510	1
-4506	1
-4505	1
-4500	1
-4498	1
-4482	1
-4479	2
-4453	1
-4449	1
-4447	1
-4444	1
-4443	1
-4435	1
-4416	1
-4412	1
-4409	2
-4407	1
-4406	1
-4399	1
-4389	1
-4368	2
-4367	1
-4363	1
-4348	1
-4346	1
-4341	1
-4337	1
-4329	1
-4326	1
-4324	1
-4319	1
-4317	1
-4311	1
-4292	1
-4279	1
-4277	1
-4268	2
-4262	1
-4253	1
-4244	1
-4236	1
-4232	1
-4224	1
-4222	1
-4218	1
-4216	1
-4209	1
-4203	1
-4190	1
-4189	1
-4188	1
-4187	1
-4160	1
-4153	1
-4149	1
-4143	1
-4129	1
-4122	1
-4115	1
-4088	1
-4068	1
-4058	1
-4057	1
-4048	1
-4043	1
-4042	1
-4039	1
-4023	1
-4021	2
-4017	1
-4015	1
-4014	1
-3998	1
-3989	1
-3984	1
-3975	1
-3966	1
-3938	1
-3930	1
-3924	1
-3914	2
-3912	1
-3908	1
-3906	1
-3903	1
-3896	1
-3888	1
-3883	1
-3880	1
-3874	2
-3872	1
-3864	1
-3862	1
-3860	1
-3851	1
-3838	1
-3833	1
-3828	1
-3827	1
-3820	1
-3813	1
-3808	1
-3797	1
-3796	1
-3792	2
-3791	1
-3782	1
-3771	1
-3746	1
-3742	1
-3739	1
-3735	1
-3734	1
-3733	1
-3721	1
-3718	1
-3716	1
-3714	1
-3712	1
-3709	1
-3708	1
-3706	1
-3703	1
-3684	1
-3681	1
-3679	1
-3666	1
-3657	2
-3655	1
-3653	1
-3650	1
-3643	1
-3634	1
-3621	1
-3610	1
-3605	1
-3596	1
-3593	1
-3584	1
-3566	1
-3565	1
-3560	1
-3558	1
-3545	1
-3539	1
-3537	1
-3531	1
-3527	1
-3521	1
-3511	1
-3508	1
-3493	1
-3485	1
-3474	1
-3461	1
-3455	1
-3442	1
-3440	1
-3431	1
-3415	1
-3405	1
-3400	1
-3398	1
-3396	1
-3382	1
-3377	1
-3375	1
-3369	1
-3352	1
-3347	1
-3330	1
-3328	1
-3323	1
-3290	1
-3280	1
-3268	1
-3262	1
-3261	1
-3226	1
-3223	1
-3210	1
-3209	1
-3198	1
-3197	1
-3195	1
-3177	1
-3150	1
-3143	1
-3141	2
-3136	1
-3133	1
-3121	2
-3099	1
-3088	1
-3078	1
-3067	1
-3065	1
-3060	1
-3059	1
-3050	1
-3046	1
-3039	1
-3034	1
-3028	1
-3023	1
-3018	1
-3016	1
-3014	1
-2993	1
-2976	1
-2974	1
-2963	1
-2957	1
-2942	1
-2939	1
-2936	1
-2933	1
-2926	1
-2924	1
-2921	1
-2915	1
-2907	1
-2905	1
-2902	1
-2896	1
-2889	1
-2887	1
-2866	1
-2854	1
-2841	1
-2839	1
-2836	1
-2830	2
-2824	1
-2820	1
-2818	1
-2806	1
-2797	1
-2790	1
-2763	1
-2758	1
-2755	1
-2748	1
-2747	1
-2746	1
-2741	1
-2738	1
-2723	1
-2722	1
-2720	2
-2719	1
-2718	1
-2715	1
-2710	1
-2705	1
-2703	1
-2692	1
-2686	1
-2683	1
-2682	1
-2677	1
-2675	1
-2674	1
-2665	1
-2663	1
-2651	1
-2648	1
-2645	1
-2643	1
-2640	1
-2634	1
-2633	1
-2629	1
-2623	1
-2621	1
-2614	1
-2612	1
-2610	1
-2598	1
-2592	1
-2589	1
-2575	1
-2568	1
-2567	2
-2563	1
-2552	1
-2550	1
-2544	1
-2537	1
-2530	1
-2527	1
-2526	1
-2524	1
-2521	2
-2516	1
-2514	1
-2513	1
-2509	1
-2499	1
-2493	1
-2487	1
-2485	1
-2474	1
-2463	1
-2456	1
-2439	1
-2436	1
-2434	1
-2431	1
-2424	1
-2419	1
-2411	1
-2410	1
-2407	1
-2402	1
-2394	1
-2390	1
-2385	1
-2380	1
-2376	1
-2373	1
-2372	1
-2370	1
-2369	1
-2368	1
-2366	1
-2363	1
-2346	1
-2337	1
-2322	1
-2320	1
-2305	1
-2298	1
-2288	1
-2285	1
-2279	1
-2278	1
-2264	2
-2261	1
-2249	1
-2240	1
-2228	1
-2224	2
-2223	1
-2218	1
-2214	1
-2211	1
-2190	1
-2189	1
-2187	1
-2185	1
-2181	1
-2180	2
-2175	1
-2165	1
-2163	1
-2162	1
-2158	1
-2157	1
-2156	1
-2151	1
-2148	1
-2146	1
-2143	1
-2133	1
-2130	2
-2129	1
-2126	1
-2125	1
-2119	2
-2113	1
-2110	1
-2104	1
-2101	1
-2098	2
-2092	1
-2091	1
-2090	1
-2086	1
-2083	1
-2074	2
-2067	1
-2066	1
-2057	1
-2039	1
-2037	1
-2034	2
-2001	1
-1994	1
-1990	1
-1988	1
-1984	1
-1982	1
-1980	1
-1978	1
-1973	1
-1972	1
-1971	1
-1957	1
-1955	1
-1953	1
-1932	1
-1930	1
-1915	1
-1912	1
-1909	1
-1897	1
-1892	1
-1881	2
-1878	1
-1877	1
-1865	1
-1863	1
-1858	1
-1853	1
-1851	1
-1848	1
-1841	1
-1838	1
-1830	1
-1829	1
-1826	1
-1823	1
-1822	1
-1820	1
-1815	1
-1813	1
-1796	1
-1790	1
-1788	1
-1785	1
-1781	1
-1778	2
-1772	1
-1770	1
-1768	1
-1762	1
-1761	1
-1760	1
-1755	1
-1754	1
-1753	1
-1749	1
-1746	1
-1728	1
-1726	1
-1724	1
-1723	1
-1712	1
-1701	1
-1700	1
-1692	1
-1691	1
-1689	1
-1688	1
-1681	1
-1676	1
-1674	1
-1656	1
-1654	1
-1650	1
-1648	1
-1647	1
-1644	1
-1643	1
-1641	1
-1638	1
-1630	1
-1623	2
-1621	1
-1615	2
-1603	1
-1600	1
-1596	1
-1589	1
-1588	1
-1562	1
-1561	1
-1559	1
-1555	1
-1554	1
-1546	1
-1535	1
-1523	1
-1508	1
-1503	1
-1494	1
-1493	1
-1485	2
-1484	1
-1483	1
-1480	1
-1479	1
-1476	1
-1470	1
-1469	1
-1467	1
-1464	1
-1460	1
-1443	1
-1439	1
-1437	1
-1436	1
-1428	1
-1427	1
-1423	1
-1422	1
-1414	2
-1411	1
-1406	1
-1404	1
-1402	1
-1400	1
-1395	1
-1391	1
-1387	1
-1382	1
-1380	1
-1378	1
-1375	2
-1369	2
-1366	1
-1364	1
-1362	2
-1360	1
-1359	1
-1354	2
-1350	1
-1347	1
-1341	1
-1339	1
-1309	1
-1307	1
-1305	1
-1302	1
-1296	2
-1295	1
-1291	1
-1290	1
-1285	1
-1278	1
-1276	1
-1263	1
-1261	1
-1259	1
-1255	2
-1253	1
-1252	1
-1250	1
-1246	2
-1242	1
-1236	1
-1232	1
-1231	1
-1229	1
-1225	1
-1221	1
-1218	2
-1210	1
-1209	2
-1202	1
-1200	1
-1196	1
-1195	1
-1188	1
-1186	1
-1183	1
-1182	1
-1179	1
-1178	1
-1176	1
-1175	1
-1174	1
-1160	1
-1153	1
-1151	1
-1150	1
-1149	1
-1147	1
-1145	1
-1142	1
-1128	1
-1126	1
-1119	1
-1117	2
-1114	1
-1105	1
-1097	1
-1095	2
-1091	1
-1090	1
-1086	1
-1084	1
-1083	2
-1082	1
-1076	1
-1074	2
-1072	1
-1068	1
-1062	1
-1059	1
-1055	1
-1050	1
-1047	1
-1043	1
-1037	1
-1031	1
-1018	1
-1006	1
-1003	1
-1000	1
-998	1
-991	1
-986	1
-975	2
-974	1
-970	1
-969	1
-967	2
-966	1
-964	2
-960	1
-953	1
-951	1
-947	1
-937	1
-935	1
-906	2
-904	1
-901	2
-899	1
-896	1
-892	1
-883	1
-878	1
-875	1
-867	1
-865	1
-864	1
-860	1
-857	1
-847	1
-845	1
-843	1
-841	1
-838	1
-834	1
-816	2
-813	2
-810	1
-808	1
-807	1
-806	1
-805	2
-803	1
-798	1
-795	1
-785	1
-784	1
-778	1
-775	2
-770	1
-764	1
-754	1
-753	1
-744	1
-743	1
-742	1
-735	2
-729	1
-728	3
-727	1
-722	1
-713	1
-708	1
-688	1
-674	2
-669	1
-661	2
-656	1
-655	1
-652	1
-644	1
-640	1
-636	1
-630	2
-629	1
-625	1
-622	1
-619	1
-616	1
-614	1
-608	1
-603	1
-597	1
-586	1
-585	1
-583	1
-575	1
-562	1
-554	2
-551	1
-539	1
-530	1
-529	2
-525	1
-521	1
-520	1
-516	1
-504	1
-500	1
-496	1
-495	1
-490	1
-485	1
-483	1
-474	1
-458	1
-450	1
-448	1
-442	1
-441	1
-426	2
-421	1
-418	1
-417	1
-399	1
-397	1
-396	1
-393	1
-391	2
-385	3
-381	1
-379	1
-377	1
-374	1
-364	2
-358	1
-350	1
-339	1
-336	1
-328	2
-326	1
-323	1
-322	1
-319	1
-314	1
-309	1
-308	1
-291	2
-272	1
-262	1
-257	1
-253	2
-249	1
-240	1
-239	1
-235	1
-234	1
-227	1
-223	1
-221	2
-195	1
-191	1
-182	1
-174	1
-171	1
-170	1
-169	1
-151	1
-144	1
-141	1
-140	1
-137	1
-135	1
-119	1
-117	1
-111	1
-108	1
-92	1
-91	1
-72	1
-66	2
-62	2
-54	1
-52	1
-51	1
-47	1
-25	1
-8	1
-4	2
3	1
10	1
20	1
25	2
33	1
35	1
38	1
44	1
50	1
56	1
64	2
74	1
89	1
93	1
94	1
97	1
109	1
118	2
124	1
127	2
129	1
142	1
144	1
147	1
158	2
161	1
162	1
165	1
166	1
171	1
173	1
174	1
178	1
179	1
183	1
195	1
215	1
216	1
218	1
223	1
241	2
242	2
259	1
264	2
269	2
272	1
280	1
288	1
290	1
295	1
301	1
303	1
304	1
317	1
324	1
333	1
337	1
339	1
352	1
358	1
362	3
367	1
380	1
384	1
391	1
395	1
399	1
404	1
407	1
408	1
420	1
421	1
432	1
449	1
450	1
463	1
464	1
468	1
470	1
474	1
480	1
481	1
482	1
484	1
500	1
503	1
506	1
508	1
510	1
517	1
521	1
524	1
525	1
543	1
564	1
571	2
615	1
616	1
618	2
619	1
622	1
624	1
625	1
629	1
639	1
641	1
643	1
644	1
646	1
647	1
659	1
665	1
666	2
667	1
669	1
671	1
674	1
675	1
685	1
690	1
697	1
702	1
705	1
719	1
720	1
722	1
724	1
727	1
736	2
755	1
759	1
761	1
767	1
768	1
770	1
771	1
772	1
776	1
786	1
791	1
805	1
811	1
832	1
841	1
842	1
852	1
854	1
858	1
879	1
884	2
886	1
904	1
906	1
932	2
941	1
963	1
968	1
969	1
973	1
978	1
979	1
984	1
986	1
991	1
999	1
1002	1
1007	1
1009	1
1016	1
1021	1
1031	1
1036	1
1042	1
1050	1
1052	1
1056	1
1057	1
1058	1
1059	1
1060	1
1061	1
1063	1
1066	1
1067	1
1072	1
1098	1
1100	1
1101	1
1110	1
1111	1
1115	1
1116	1
1117	1
1120	1
1121	1
1124	2
1133	1
1134	1
1139	1
1147	1
1165	1
1180	1
1181	1
1182	2
1184	1
1188	1
1191	1
1193	1
1199	2
1205	1
1215	1
1219	1
1222	1
1228	1
1229	1
1243	1
1248	1
1252	1
1253	1
1258	1
1273	1
1278	1
1279	2
1285	1
1299	1
1304	1
1319	2
1324	1
1332	1
1335	1
1338	2
1344	1
1349	1
1354	1
1356	1
1368	1
1369	1
1373	1
1376	1
1381	1
1400	1
1401	1
1404	1
1409	1
1419	1
1423	1
1431	2
1432	1
1434	1
1441	2
1447	1
1448	1
1451	1
1469	1
1472	1
1479	1
1481	1
1482	1
1504	1
1505	1
1506	1
1508	1
1510	1
1514	1
1517	1
1548	1
1551	2
1563	1
1565	1
1566	2
1567	1
1571	1
1573	1
1581	3
1583	2
1585	1
1588	1
1590	1
1591	1
1607	1
1619	1
1628	1
1629	1
1634	1
1641	1
1647	1
1655	2
1671	1
1672	1
1674	1
1675	1
1681	1
1691	1
1702	1
1704	1
1706	1
1707	1
1723	2
1724	2
1729	1
1731	1
1737	1
1741	1
1742	1
1746	1
1747	1
1753	1
1764	1
1773	1
1785	2
1788	1
1799	1
1807	2
1811	1
1815	1
1817	1
1823	1
1825	1
1830	1
1833	1
1837	2
1838	1
1841	3
1842	1
1844	1
1845	1
1852	1
1857	1
1868	1
1870	2
1872	2
1876	1
1877	1
1878	1
1883	1
1891	1
1895	1
1899	1
1902	1
1904	1
1910	1
1911	1
1922	1
1932	1
1939	1
1941	1
1943	1
1944	1
1945	1
1961	1
1977	1
1978	1
2000	1
2005	1
2007	1
2011	1
2013	1
2014	1
2018	1
2025	1
2037	1
2040	1
2046	1
2048	1
2054	2
2066	1
2072	2
2073	1
2074	1
2083	1
2088	1
2089	1
2107	1
2108	1
2119	1
2129	1
2130	2
2139	1
2161	1
2164	2
2169	1
2172	1
2177	1
2179	1
2180	1
2183	1
2186	1
2189	1
2190	2
2195	1
2210	1
2211	1
2213	2
2214	1
2232	3
2233	1
2234	1
2248	1
2253	1
2255	1
2267	1
2273	1
2275	1
2278	1
2281	2
2283	1
2288	1
2289	1
2292	1
2298	2
2308	1
2310	1
2311	2
2312	1
2315	1
2327	1
2332	1
2338	1
2339	1
2340	1
2344	1
2346	1
2348	1
2360	1
2361	1
2365	1
2366	1
2370	1
2371	1
2379	1
2381	1
2382	1
2384	1
2391	1
2392	2
2393	1
2400	1
2418	1
2425	1
2431	1
2433	1
2437	1
2452	1
2453	1
2463	1
2475	1
2489	1
2492	1
2500	2
2502	2
2513	1
2516	1
2522	1
2523	1
2527	1
2530	1
2538	1
2539	1
2548	1
2551	1
2553	1
2554	1
2556	1
2570	1
2578	1
2581	1
2589	1
2595	1
2607	1
2611	1
2617	1
2631	1
2632	2
2638	1
2639	1
2641	1
2643	1
2649	1
2654	1
2660	1
2684	1
2685	2
2689	1
2698	1
2701	1
2705	1
2706	1
2711	1
2716	1
2725	1
2736	1
2744	1
2745	1
2753	1
2754	1
2755	1
2757	1
2758	1
2760	1
2767	1
2768	1
2770	2
2773	1
2780	1
2786	1
2787	1
2789	1
2800	1
2802	1
2804	1
2807	1
2808	1
2810	1
2817	1
2840	1
2841	1
2852	1
2860	1
2876	1
2883	1
2885	1
2886	2
2887	1
2889	1
2895	1
2896	2
2901	1
2908	1
2910	1
2916	1
2917	1
2918	1
2920	1
2921	1
2922	1
2923	1
2928	1
2929	1
2935	1
2950	1
2955	1
2956	1
2957	1
2958	1
2959	2
2970	1
2977	1
2984	1
2985	1
2987	2
2989	1
2991	1
2996	1
3012	1
3014	1
3020	1
3023	1
3026	1
3029	1
3030	1
3036	1
3044	1
3046	1
3049	1
3060	1
3062	2
3064	1
3067	1
3087	1
3090	1
3091	1
3097	2
3101	1
3103	1
3105	1
3106	1
3108	2
3113	1
3118	1
3122	1
3126	1
3131	2
3144	1
3145	1
3150	1
3154	1
3156	1
3160	1
3166	1
3167	1
3179	3
3188	1
3194	1
3195	1
3205	1
3207	1
3212	1
3213	1
3216	2
3219	1
3221	1
3227	1
3236	1
3239	1
3244	1
3250	1
3256	1
3260	1
3266	1
3273	1
3275	1
3283	2
3320	1
3324	1
3330	1
3334	1
3340	1
3342	1
3356	1
3358	1
3360	1
3364	1
3365	1
3366	1
3373	2
3375	1
3376	1
3381	1
3387	1
3394	2
3397	2
3413	1
3415	1
3416	1
3434	1
3448	2
3450	1
3451	1
3454	1
3456	1
3459	1
3460	1
3464	1
3474	1
3476	1
3480	1
3485	1
3494	1
3496	1
3499	1
3502	1
3508	1
3520	1
3522	1
3531	1
3538	1
3540	2
3562	1
3565	1
3567	1
3573	1
3577	1
3579	1
3581	1
3582	1
3594	1
3598	1
3610	1
3613	1
3616	1
3621	1
3623	1
3628	1
3630	1
3636	1
3638	1
3645	1
3654	1
3655	1
3668	1
3679	1
3699	1
3707	1
3718	1
3726	2
3742	2
3753	1
3763	1
3765	1
3768	1
3780	1
3786	1
3801	1
3806	1
3818	1
3821	1
3834	1
3835	1
3836	2
3838	1
3842	1
3853	1
3859	1
3863	1
3868	1
3873	1
3876	1
3877	1
3880	1
3885	1
3898	1
3901	1
3915	1
3936	1
3940	2
3954	1
3960	1
3967	1
3971	1
3978	1
3980	2
3981	1
3985	1
3991	1
3994	1
3995	1
4002	1
4004	1
4010	1
4014	1
4015	1
4018	1
4026	1
4031	1
4039	1
4047	2
4058	1
4061	1
4077	1
4079	1
4085	1
4087	1
4090	1
4095	1
4097	2
4104	1
4120	2
4136	1
4160	1
4162	1
4165	1
4166	1
4167	2
4175	1
4176	1
4187	2
4189	1
4192	1
4194	1
4200	1
4205	1
4207	1
4218	1
4238	1
4245	1
4246	1
4250	1
4255	1
4258	1
4262	2
4271	1
4272	1
4277	1
4290	1
4292	1
4296	1
4318	1
4320	1
4324	1
4330	2
4350	1
4352	1
4353	1
4355	1
4357	1
4361	1
4364	1
4365	1
4373	1
4374	1
4381	1
4392	1
4394	1
4399	1
4401	1
4407	1
4409	1
4420	1
4435	1
4466	1
4470	1
4471	1
4475	2
4478	1
4495	1
4500	1
4506	1
4512	1
4518	2
4531	2
4533	1
4546	1
4553	1
4565	1
4569	1
4582	1
4584	2
4586	1
4589	1
4590	1
4597	1
4606	1
4607	1
4618	1
4620	2
4622	1
4633	1
4636	1
4652	1
4653	1
4658	1
4660	1
4665	1
4674	1
4675	1
4677	1
4697	1
4698	1
4703	1
4711	1
4723	2
4724	1
4730	1
4767	1
4780	2
4785	1
4793	1
4805	1
4806	1
4811	1
4814	1
4819	1
4822	2
4828	1
4833	1
4847	1
4849	1
4855	1
4856	1
4862	1
4872	1
4874	1
4879	1
4883	1
4885	1
4890	1
4895	2
4919	1
4922	1
4923	1
4938	1
4944	1
4976	2
4979	1
4984	1
4986	1
4987	1
5001	1
5007	1
5016	1
5021	1
5022	1
5054	2
5055	1
5059	1
5064	1
5072	1
5081	1
5091	1
5094	1
5102	1
5111	1
5125	1
5134	2
5136	1
5145	1
5153	1
5178	1
5185	1
5186	2
5198	1
5201	1
5220	1
5230	2
5233	1
5246	1
5252	2
5267	2
5272	1
5279	1
5280	1
5282	1
5289	2
5290	1
5291	1
5304	1
5317	1
5327	2
5332	1
5333	1
5335	1
5338	1
5344	1
5350	1
5361	1
5367	1
5368	1
5370	1
5371	1
5393	1
5411	1
5416	1
5425	1
5440	1
5448	1
5455	1
5458	1
5460	1
5467	1
5470	1
5476	1
5477	1
5502	1
5522	1
5523	1
5524	1
5525	2
5533	1
5540	1
5541	1
5543	1
5549	1
5554	1
5555	1
5557	1
5591	1
5605	1
5618	1
5621	1
5628	1
5637	1
5655	1
5668	1
5673	1
5680	1
5681	1
5687	1
5701	1
5708	1
5711	1
5721	1
5722	1
5735	1
5739	1
5740	1
5744	1
5745	1
5746	2
5753	1
5756	1
5758	2
5761	2
5777	1
5795	1
5801	1
5811	1
5813	1
5818	1
5843	1
5851	1
5858	1
5860	1
5864	1
5867	1
5876	1
5878	1
5880	1
5886	1
5887	1
5892	2
5912	1
5927	1
5929	1
5932	1
5934	1
5939	1
5949	1
5976	1
5980	1
5981	1
5986	1
5993	1
6001	1
6005	1
6020	2
6024	1
6025	1
6026	1
6036	1
6043	1
6047	2
6048	1
6052	1
6054	1
6072	1
6073	1
6074	1
6091	1
6092	1
6102	1
6127	1
6134	1
6136	1
6142	1
6148	1
6154	1
6157	1
6165	1
6174	1
6186	1
6191	1
6192	1
6215	1
6224	1
6225	1
6227	1
6229	1
6231	1
6235	1
6236	1
6241	1
6242	1
6244	2
6253	1
6254	1
6260	1
6266	1
6289	1
6292	1
6300	1
6301	1
6304	1
6307	1
6315	1
6321	1
6326	1
6338	1
6341	1
6342	2
6344	1
6355	1
6363	1
6374	1
6376	2
6386	1
6387	1
6397	1
6400	1
6408	1
6411	1
6412	1
6435	1
6436	1
6442	1
6454	1
6469	1
6483	1
6486	1
6527	1
6533	1
6535	1
6538	1
6541	1
6545	2
6564	1
6584	1
6587	1
6590	1
6591	2
6596	1
6600	1
6602	1
6609	1
6620	1
6625	1
6626	1
6632	1
6638	1
6639	1
6646	1
6647	1
6652	1
6661	1
6663	1
6669	1
6673	1
6684	1
6699	1
6701	1
6712	1
6717	1
6719	1
6722	1
6727	1
6732	1
6738	1
6742	1
6744	1
6747	1
6754	1
6755	1
6758	1
6761	1
6763	1
6764	1
6778	1
6784	1
6791	1
6797	1
6798	1
6802	1
6805	1
6814	1
6819	1
6822	1
6833	1
6837	2
6839	1
6840	1
6845	1
6847	1
6848	1
6855	1
6857	1
6859	1
6863	1
6867	1
6873	1
6875	1
6893	1
6895	1
6897	1
6907	1
6911	1
6912	2
6913	1
6914	1
6925	1
6930	1
6933	1
6940	1
6946	1
6951	1
6957	1
6959	1
6967	1
6968	1
6979	1
7010	1
7011	1
7023	1
7026	1
7032	1
7033	1
7047	1
7057	1
7068	1
7070	1
7077	1
7078	1
7090	1
7095	1
7102	1
7107	1
7109	1
7110	1
7113	1
7116	1
7120	1
7121	1
7123	1
7127	1
7130	1
7134	1
7144	1
7162	1
7171	1
7172	1
7173	1
7182	1
7185	1
7194	2
7196	1
7207	3
7210	1
7213	1
7216	1
7227	1
7232	1
7234	1
7241	1
7269	1
7271	1
7314	1
7315	1
7317	1
7319	1
7320	1
7341	1
7360	1
7367	1
7374	1
7379	1
7384	1
7388	1
7393	1
7398	1
7406	1
7425	1
7447	1
7456	2
7476	1
7485	1
7487	1
7496	1
7500	1
7508	1
7540	1
7546	1
7557	1
7559	1
7561	1
7566	2
7580	1
7583	1
7588	2
7591	1
7603	2
7604	1
7607	1
7614	1
7618	1
7625	1
7634	1
7643	1
7645	1
7660	1
7676	1
7693	1
7694	1
7706	1
7712	1
7724	1
7728	1
7731	1
7743	1
7752	1
7753	1
7754	1
7759	1
7777	1
7809	1
7810	1
7813	1
7822	1
7825	1
7831	1
7835	1
7839	1
7841	1
7847	1
7851	1
7857	1
7858	1
7859	1
7860	1
7862	1
7865	1
7869	1
7877	1
7878	1
7883	1
7890	1
7894	1
7899	2
7906	1
7917	1
7918	1
7927	1
7929	1
7930	1
7933	1
7935	1
7946	1
7949	1
7956	1
7959	1
7964	1
7967	1
7997	1
8019	2
8020	1
8024	1
8025	1
8030	1
8031	1
8040	1
8044	2
8068	1
8071	1
8073	1
8074	1
8081	1
8083	1
8106	1
8126	1
8134	1
8135	1
8144	1
8145	1
8149	1
8151	1
8158	1
8161	1
8169	1
8177	1
8179	1
8185	1
8197	1
8211	1
8215	1
8216	1
8228	1
8237	1
8251	1
8257	1
8279	1
8286	1
8290	1
8306	1
8309	1
8315	1
8318	1
8340	1
8341	1
8350	1
8360	1
8361	1
8363	1
8367	2
8375	1
8387	1
8392	1
8397	1
8404	1
8405	1
8420	1
8425	2
8427	1
8438	1
8440	1
8444	1
8445	1
8452	1
8466	1
8470	1
8480	1
8481	1
8484	1
8489	1
8497	1
8504	1
8519	1
8536	1
8548	1
8557	1
8564	1
8570	1
8578	1
8591	1
8602	1
8611	1
8623	1
8629	1
8645	1
8669	1
8672	1
8678	1
8683	1
8688	1
8693	1
8695	1
8699	1
8726	1
8731	1
8732	1
8733	1
8759	1
8761	1
8763	1
8770	1
8771	1
8777	1
8781	1
8783	1
8785	2
8792	1
8795	1
8799	2
8801	1
8810	1
8814	2
8825	1
8829	1
8836	1
8842	1
8844	1
8850	1
8851	1
8874	1
8885	1
8889	1
8894	1
8900	1
8901	1
8919	1
8937	1
8938	1
8940	1
8946	2
8947	1
8956	1
8966	1
8968	1
8977	1
8979	1
8992	1
8995	1
8996	1
9002	1
9018	1
9021	1
9022	1
9028	1
9039	1
9044	1
9060	1
9063	1
9069	1
9073	2
9077	1
9080	2
9081	1
9093	1
9103	1
9104	1
9108	1
9111	1
9112	1
9120	1
9123	1
9128	1
9130	1
9145	1
9155	1
9156	1
9159	1
9168	1
9170	1
9173	1
9183	1
9185	1
9194	1
9224	1
9226	1
9228	1
9243	1
9245	1
9260	1
9295	1
9297	1
9299	1
9307	1
9312	1
9317	1
9328	1
9334	1
9337	1
9352	1
9361	1
9384	1
9401	1
9410	1
9422	1
9429	1
9432	1
9434	1
9436	1
9444	1
9447	1
9453	1
9462	1
9469	1
9476	1
9484	1
9485	1
9507	1
9514	1
9515	1
9526	2
9527	1
9530	1
9533	1
9564	1
9570	1
9581	1
9591	1
9595	1
9625	1
9627	1
9632	1
9651	1
9654	1
9657	1
9664	1
9667	1
9669	1
9671	1
9684	1
9688	1
9691	2
9705	1
9715	1
9724	1
9725	1
9737	1
9747	2
9756	1
9757	1
9767	1
9774	2
9795	1
9809	1
9817	1
9833	1
9835	1
9846	1
9854	1
9871	1
9872	1
9879	1
9886	3
9889	1
9908	1
9918	1
9919	3
9924	1
9925	1
9938	1
9942	1
9944	1
9945	1
9948	1
9951	1
9952	1
9953	2
9977	1
9984	3
10003	1
10004	1
10016	1
10017	1
10038	1
10042	1
10052	1
10054	1
10064	1
10073	1
10074	2
10082	1
10101	1
10102	1
10108	1
10109	1
10112	1
10123	1
10144	1
10154	2
10157	1
10178	1
10179	2
10186	1
10189	1
10191	1
10198	1
10213	1
10225	1
10228	1
10230	1
10232	1
10234	1
10243	1
10251	1
10253	1
10265	1
10267	1
10272	1
10275	1
10283	1
10296	1
10302	1
10307	1
10323	1
10334	2
10349	1
10357	2
10361	1
10369	1
10376	1
10389	2
10390	1
10393	2
10396	1
10398	1
10409	1
10423	1
10442	1
10449	1
10452	1
10456	1
10458	1
10467	1
10481	1
10492	1
10508	1
10517	1
10539	1
10548	1
10550	1
10558	1
10564	1
10571	1
10577	1
10581	1
10585	1
10586	1
10600	1
10613	1
10618	1
10625	1
10636	1
10639	1
10644	1
10646	1
10657	1
10660	1
10662	1
10673	1
10688	1
10696	1
10714	1
10728	1
10732	1
10734	1
10739	1
10740	1
10741	1
10752	1
10758	1
10763	1
10772	1
10776	1
10778	1
10780	1
10794	1
10795	1
10798	1
10802	1
10812	1
10824	1
10827	2
10836	1
10837	1
10841	1
10842	1
10858	1
10859	1
10867	1
10881	1
10885	1
10890	2
10901	1
10921	1
10923	1
10932	1
10937	1
10938	1
10939	1
10942	1
10950	1
10968	1
10979	1
10980	1
10991	1
10999	1
11013	1
11017	1
11022	1
11043	1
11052	1
11073	1
11079	1
11081	1
11083	1
11093	1
11101	1
11105	2
11119	1
11127	1
11143	1
11160	1
11162	1
11165	1
11180	1
11183	1
11200	1
11222	1
11226	1
11231	2
11234	1
11243	1
11249	1
11253	1
11268	2
11280	1
11285	1
11286	2
11303	1
11324	1
11340	1
11342	1
11348	1
11350	1
11352	1
11357	1
11360	1
11374	1
11383	1
11384	1
11385	1
11396	1
11404	1
11412	1
11426	1
11428	1
11430	1
11431	1
11437	1
11451	1
11454	1
11458	1
11481	1
11482	1
11510	2
11524	1
11534	1
11535	1
11547	1
11549	1
11552	1
11564	1
11589	1
11602	1
11605	1
11616	1
11618	1
11627	2
11630	1
11642	1
11645	1
11659	1
11669	1
11670	1
11672	1
11675	1
11692	1
11699	2
11703	1
11711	1
11727	1
11730	1
11746	1
11747	1
11748	1
11757	1
11759	1
11766	1
11779	1
11805	1
11823	1
11828	1
11850	1
11854	1
11855	1
11871	1
11932	1
11948	1
11957	1
11972	1
11993	1
12001	1
12002	1
12065	1
12077	1
12080	1
12095	1
12108	1
12135	1
12141	1
12143	1
12180	1
12244	1
12260	1
12267	1
12280	1
12309	1
12325	1
12329	1
12363	1
12388	1
12409	1
12431	1
12448	1
12452	1
12470	1
12473	1
12497	1
12501	1
12529	1
12547	1
12562	1
12581	1
12582	1
12583	1
12600	1
12616	1
12629	1
12656	1
12673	1
12678	1
12685	1
12695	1
12729	1
12771	1
12789	1
12837	1
12842	1
12848	1
12874	1
12877	1
12923	1
12935	1
12953	1
12962	1
12963	1
12970	1
13018	1
13024	1
13028	1
13030	1
13051	1
13068	1
13105	1
13126	1
13129	1
13149	1
13188	1
13222	1
13225	1
13233	1
13234	1
13240	1
13247	1
13285	1
13289	1
13309	1
13333	1
13349	1
13364	1
13371	1
13403	1
13412	1
13428	1
13438	1
13449	1
13458	1
13460	1
13489	1
13493	1
13521	1
13533	1
13582	1
13589	1
13605	1
13619	1
13625	1
13640	1
13664	1
13691	1
13747	1
13751	1
13815	1
13826	1
13850	1
13868	1
13876	1
13899	1
13910	1
13914	1
13921	2
13922	1
13957	1
13960	1
13973	1
13975	1
13986	1
13990	1
13999	1
14025	1
14032	1
14061	1
14063	1
14089	1
14111	1
14115	1
14129	1
14138	1
14149	1
14151	1
14157	1
14170	1
14182	1
14192	1
14195	1
14204	1
14207	2
14217	1
14232	1
14247	1
14250	1
14255	1
14266	1
14278	1
14284	1
14301	2
14306	1
14329	1
14348	1
14386	1
14397	1
14401	1
14436	1
14438	1
14441	1
14450	1
14457	1
14463	1
14467	1
14487	1
14513	1
14529	1
14588	1
14601	1
14611	1
14613	1
14648	1
14659	1
14677	1
14679	1
14728	1
14738	1
14745	1
14752	1
14777	1
14779	1
14820	1
14828	1
14858	1
14864	1
14874	1
14882	1
14888	1
14889	1
14903	1
14920	1
14943	1
14961	1
14974	1
14977	1
15025	1
15027	1
15041	1
15059	1
15064	1
15075	1
15084	1
15091	1
15107	1
15126	1
15132	1
15146	1
15148	1
15165	1
15168	1
15203	1
15225	1
15253	1
15276	1
15290	1
15334	1
15345	1
15356	1
15362	1
15380	1
15385	1
15398	1
15427	1
15511	2
15524	1
15529	1
15533	1
15540	1
15550	1
15595	1
15630	1
15647	1
15663	1
15664	1
15682	1
15707	1
15714	1
15722	1
15744	1
15777	1
15788	1
15806	1
15840	2
15864	1
15922	1
15949	1
15971	1
16038	1
16051	1
16075	1
16080	1
16090	1
16093	1
16104	1
16117	1
16225	1
16233	1
16255	1
16338	1
16361	2
16384	2
16439	1
16443	1
16458	1
16537	1
16538	1
16591	1
16617	1
16654	1
16664	1
16704	1
16789	1
16802	1
16809	1
16820	1
16881	1
16883	1
16886	1
16945	1
16974	1
17053	1
17065	1
17070	1
17084	1
17151	1
17158	1
17232	1
17250	1
17281	2
17292	1
17311	1
17376	1
17382	1
17388	1
17402	1
17438	1
17448	1
17472	1
17485	1
17510	1
17516	1
17528	1
17582	1
17602	1
17642	2
17668	1
17671	1
17679	1
17718	1
17767	1
17790	1
17801	1
17822	1
17953	1
17978	1
18005	1
18026	1
18066	1
18067	1
18136	1
18146	1
18148	1
18163	1
18230	1
18288	1
18328	1
18360	1
18379	2
18431	1
18498	1
18509	1
18630	1
18631	1
18650	1
18667	1
18681	1
18755	1
18909	1
19029	1
19065	1
19103	1
19117	1
19282	1
19374	1
19394	1
19448	1
19459	1
19464	1
19706	1
19880	1
19900	1
20011	1
20091	1
20218	1
20252	1
20276	1
20474	1
20552	1
20717	1
20759	1
20856	1
20860	1
20923	1
20945	1
20958	1
21192	1
21249	1
21314	1
21359	1
21517	1
21526	1
21595	1
21632	1
21664	1
21729	1
21807	1
21822	1
21871	1
21903	1
21926	1
21937	1
21960	1
22029	1
22055	1
22064	1
22146	1
22168	1
22293	1
22300	1
22328	1
22431	1
22440	1
22687	1
22701	1
22705	1
22753	1
22796	1
22805	1
22841	1
23027	1
23064	1
23072	1
23083	1
23102	1
23132	1
23152	1
23166	1
23188	1
23189	1
23198	1
23230	1
23296	1
23390	1
23407	1
23451	1
23498	1
23530	1
23536	1
23544	1
23563	1
23581	1
23628	2
23634	1
23671	1
23821	1
23862	1
23879	1
23911	1
23935	1
23943	1
24037	1
24064	1
24262	1
24304	1
24324	1
24357	1
24469	1
24499	1
24614	1
24624	1
24658	1
24659	1
24719	1
24729	1
24865	1
24906	1
24969	1
25114	1
25241	1
25607	1
25771	1
25878	1
25997	1
26104	1
26236	1
26290	1
26335	1
26362	1
26681	1
26699	1
26809	1
26909	1
27036	1
27215	1
27545	1
27559	1
27748	1
27763	1
27848	1
27909	1
28078	1
28105	1
28123	1
28269	1
28477	1
28490	1
28805	1
29380	1
29451	1
29562	1
29615	1
29959	1
30253	1
30737	1
31027	1
31214	1
31408	1
31617	1
31979	1
31989	1
32062	1
